2.517346e-01
2.422571e-01
2.332736e-01
2.247213e-01
2.165457e-01
2.086992e-01
2.011405e-01
1.938337e-01
1.867476e-01
1.798547e-01
1.731313e-01
1.665568e-01
1.601131e-01
1.537844e-01
1.475569e-01
1.414186e-01
1.353590e-01
1.293688e-01
1.234401e-01
1.175657e-01
1.117394e-01
1.059558e-01
1.002099e-01
9.449757e-02
8.881499e-02
8.315882e-02
7.752605e-02
7.191404e-02
6.632038e-02
6.074292e-02
5.517971e-02
4.962897e-02
4.408909e-02
3.855856e-02
3.303601e-02
2.752013e-02
2.200971e-02
1.650358e-02
1.100064e-02
5.499796e-03
-0.000000e+00
-5.499796e-03
-1.100064e-02
-1.650358e-02
-2.200971e-02
-2.752013e-02
-3.303601e-02
-3.855856e-02
-4.408909e-02
-4.962897e-02
-5.517971e-02
-6.074292e-02
-6.632038e-02
-7.191404e-02
-7.752605e-02
-8.315882e-02
-8.881499e-02
-9.449757e-02
-1.002099e-01
-1.059558e-01
-1.117394e-01
-1.175657e-01
-1.234401e-01
-1.293688e-01
-1.353590e-01
-1.414186e-01
-1.475569e-01
-1.537844e-01
-1.601131e-01
-1.665568e-01
-1.731313e-01
-1.798547e-01
-1.867476e-01
-1.938337e-01
-2.011405e-01
-2.086992e-01
-2.165457e-01
-2.247213e-01
-2.332736e-01
-2.422571e-01
-2.517346e-01
