2.118396e-01
2.029147e-01
1.945452e-01
1.866618e-01
1.792040e-01
1.721192e-01
1.653614e-01
1.588905e-01
1.526714e-01
1.466735e-01
1.408703e-01
1.352382e-01
1.297570e-01
1.244088e-01
1.191779e-01
1.140506e-01
1.090149e-01
1.040603e-01
9.917744e-02
9.435827e-02
8.959557e-02
8.488300e-02
8.021496e-02
7.558648e-02
7.099316e-02
6.643108e-02
6.189674e-02
5.738701e-02
5.289907e-02
4.843037e-02
4.397862e-02
3.954172e-02
3.511774e-02
3.070490e-02
2.630157e-02
2.190620e-02
1.751733e-02
1.313358e-02
8.753633e-03
4.376193e-03
-0.000000e+00
-4.376193e-03
-8.753633e-03
-1.313358e-02
-1.751733e-02
-2.190620e-02
-2.630157e-02
-3.070490e-02
-3.511774e-02
-3.954172e-02
-4.397862e-02
-4.843037e-02
-5.289907e-02
-5.738701e-02
-6.189674e-02
-6.643108e-02
-7.099316e-02
-7.558648e-02
-8.021496e-02
-8.488300e-02
-8.959557e-02
-9.435827e-02
-9.917744e-02
-1.040603e-01
-1.090149e-01
-1.140506e-01
-1.191779e-01
-1.244088e-01
-1.297570e-01
-1.352382e-01
-1.408703e-01
-1.466735e-01
-1.526714e-01
-1.588905e-01
-1.653614e-01
-1.721192e-01
-1.792040e-01
-1.866618e-01
-1.945452e-01
-2.029147e-01
-2.118396e-01
